100
  0   0  9.70024566719118865876e+02
  0   1  1.43684670873846698669e+02
  0   2  1.54387688943014182996e+01
  0   3  2.88998703682019382200e+01
  0   4  1.53501891333155526809e+02
  0   5 -6.13007714138329475873e+01
  0   6 -1.17586577679675343688e+01
  0   7 -6.05082085528859394685e+01
  0   8 -1.80564777430414608261e+02
  0   9 -9.52252490896051142499e+01
  0  10 -3.18374432249704888420e+01
  0  11 -9.51762835567825788985e+01
  0  12  3.15105254382026132021e+01
  0  13  5.26403487076379761334e+01
  0  14 -8.81480819925667020698e+01
  0  15  2.14564589097251783301e+01
  0  16 -1.07181870465966881056e+02
  0  17 -1.11649151377803690366e+02
  0  18 -2.74059670185159731659e+01
  0  19  6.20072799035782225019e+01
  0  20 -8.80692446771092107838e+01
  0  21 -7.11380327182936866848e+01
  0  22 -4.11230592992392800511e+01
  0  23 -5.82697345374275812446e+01
  0  24 -3.73301661574562899659e+01
  0  25 -9.04238128732509665042e+01
  0  26  5.02142812336198147705e+01
  0  27 -1.06061293645751973713e+02
  0  28 -1.07877620341052647746e+02
  0  29  8.95494572695037760468e+01
  0  30 -3.44918201811620264152e+01
  0  31 -5.96599768284242237826e+00
  0  32 -1.99227955044279696040e+02
  0  33  1.50340528677831599680e+02
  0  34 -7.83446113359089508776e+01
  0  35 -8.22632164431863657228e+01
  0  36  8.69904859710127027483e+01
  0  37  6.23537747386731382448e+01
  0  38 -7.96818132307029713957e+01
  0  39  3.88856691176136806121e+01
  0  40  1.39360102260926375095e+01
  0  41  1.34462795398564225025e+02
  0  42  2.69058215087867722559e+01
  0  43  7.05808530236141677960e+01
  0  44 -1.59851848332833753830e+02
  0  45 -1.87154203061636650318e+01
  0  46  2.46227586127755699863e+01
  0  47 -1.12607567805289306762e+02
  0  48 -4.63374014604864825628e+01
  0  49 -1.54045068090995613375e+02
  0  50  8.89051364724864328082e+01
  0  51  7.38364343293285543268e+01
  0  52 -3.12436621482210092893e+01
  0  53  5.42010778733176294963e+01
  0  54  7.74344169314665577986e+01
  0  55 -4.90859191110566470684e+01
  0  56 -4.11090629002274994264e+01
  0  57 -5.99395910310855484227e+01
  0  58  9.61343306419465903900e+00
  0  59  1.44991841812113335664e+01
  0  60  1.63356389922240055057e+01
  0  61 -1.56475955134734306284e+02
  0  62 -2.08433390266361122656e+01
  0  63 -1.59043748529291093519e+01
  0  64  6.51174047456952962420e+01
  0  65  1.38521698218499267341e+02
  0  66  7.16996508096466698134e+01
  0  67 -1.96664492225849052431e+01
  0  68 -5.13516929727566235897e+01
  0  69 -4.18663083032960443575e+01
  0  70 -2.38994057311196144155e+01
  0  71  9.50979006375602864409e+01
  0  72 -6.98215743607492527190e+01
  0  73 -8.53232990505071171583e+01
  0  74  3.80789758673462230831e+01
  0  75  4.31207729448468555233e+01
  0  76 -1.53456988361744777194e+01
  0  77  2.87204305873806120530e+01
  0  78  7.50533263421015917061e+00
  0  79 -1.60076865250008012254e+02
  0  80  7.94134096514694078905e+01
  0  81 -1.45757856516358188514e+01
  0  82  2.40354631026985074982e+01
  0  83  3.91019769642842689450e+01
  0  84 -5.04975436540877495872e+01
  0  85 -5.12444405371186775255e+01
  0  86  2.11920165320522499997e+01
  0  87  7.61907751893307505497e-01
  0  88  2.33500672159001226191e+02
  0  89 -4.56933819637217624177e+01
  0  90 -4.49054811272163973968e+01
  0  91  1.26247468405635402178e+02
  0  92 -1.99114053455704542728e+00
  0  93  4.92979585691217891963e+01
  0  94 -1.15432554996773262701e+02
  0  95  2.19019538886509081976e+02
  0  96 -1.99294343862544508283e+02
  0  97 -4.27377535454226702427e+01
  0  98  1.06347742279822270461e+01
  0  99  6.38621016783043131682e+01
  1   0  1.43684670873846698669e+02
  1   1  7.64656651443964165082e+02
  1   2 -6.80380428926112017507e+01
  1   3  4.56621841300300559396e+01
  1   4 -1.47202490766632347885e+01
  1   5 -4.36417332093424761297e+01
  1   6 -4.02341021357958972260e+00
  1   7  1.87370068798538440547e+01
  1   8  1.02679077527908333423e+01
  1   9 -1.15463831959971358287e+02
  1  10 -5.01659216041550308773e+01
  1  11 -8.36246813820675498619e+01
  1  12 -2.64311597033197713813e+01
  1  13 -6.66688310359599114463e+01
  1  14  3.44101723216498456281e+01
  1  15 -3.93700751167723872470e+00
  1  16 -1.57974656803550118411e+02
  1  17  1.76748474779323494488e+01
  1  18 -2.70203824320732159947e+01
  1  19 -2.03614840082644462882e+02
  1  20  7.38437694399912345489e+01
  1  21 -1.20803447069388781188e+02
  1  22  1.47736513259677515464e+01
  1  23  2.53578866135378682145e+01
  1  24 -8.40787870148974434414e+01
  1  25  1.99516259695863631407e+01
  1  26  9.00910966782482063309e+01
  1  27 -5.39152806386530443206e+01
  1  28  5.64521032094678218982e+01
  1  29  1.83797504570521361700e+01
  1  30 -8.73997078519103638428e+01
  1  31  2.33575500224684340367e+01
  1  32 -6.22545966011868827650e+01
  1  33  1.92542783729021209638e+01
  1  34  4.89041836004638241775e+01
  1  35 -8.33115614387252492179e+01
  1  36 -1.33942760549400190939e+02
  1  37  6.51052260877366961722e+00
  1  38 -6.27505463463661996570e+01
  1  39 -1.58692348041165676165e+01
  1  40  6.14205933576121552164e+01
  1  41 -1.65954630927204760837e+02
  1  42  7.03404406931876735598e+01
  1  43 -4.68533225820878129753e+00
  1  44 -1.81447904277087388891e+02
  1  45  3.45875187964552708308e+01
  1  46 -5.58613432075648503883e+01
  1  47  1.04675890953302726416e+02
  1  48  6.81445838728175914412e+01
  1  49 -2.03463225426539828788e+01
  1  50 -1.13959082727617371233e+02
  1  51 -2.07642679173205095822e+01
  1  52 -3.48509970680095761963e+01
  1  53  6.04619886853996888476e+01
  1  54  4.50137723541800696125e+01
  1  55 -9.26862791571898867460e+01
  1  56  4.02365016136485564857e+00
  1  57  1.17962791201415157616e+02
  1  58 -5.14342743714186454440e+01
  1  59  5.14128517216930092104e+01
  1  60 -1.12562880610798305980e+01
  1  61 -4.57795979915576438657e+01
  1  62 -1.91974311311420876791e+02
  1  63 -1.08720647336862640486e+02
  1  64 -1.62689011794418348700e+02
  1  65 -1.02809510265723631051e+02
  1  66 -1.64966136234972928776e+01
  1  67 -6.77785800000111322561e+01
  1  68  1.83010153574320980852e+02
  1  69 -5.81044644480322887148e+01
  1  70 -6.21014230314091051355e+01
  1  71  2.39890717501779846543e+01
  1  72 -6.60512090824072970463e+01
  1  73  2.90862444519048111147e+01
  1  74 -3.19619149457210127707e+01
  1  75 -3.55680537421878000259e+01
  1  76  3.83600962683293928990e+01
  1  77  4.59010622543562050168e+01
  1  78  3.13982911566821698557e+01
  1  79 -9.32023299892077972117e+00
  1  80 -5.32569486365091293578e+00
  1  81  8.12637154031651647301e+01
  1  82  1.00062542499070019630e+02
  1  83 -2.60082050721894120215e+02
  1  84  1.12623156022342740812e+02
  1  85 -1.45208531212415188349e+01
  1  86  7.43702680919365377576e+01
  1  87  1.93459689658224220921e+00
  1  88  1.27051013432038431006e+02
  1  89 -2.71032759819425557168e+01
  1  90  3.22403760395822018836e+01
  1  91  5.06599706337376787246e+01
  1  92 -3.06381717298456131005e+01
  1  93 -4.75976737726321701416e+01
  1  94  8.15133746982352960231e+01
  1  95  1.85834980646762971901e+02
  1  96 -8.35856916264182459031e+00
  1  97 -4.63551577336118185713e+01
  1  98  6.78415987046448663023e+01
  1  99  6.10690453427394430719e+01
  2   0  1.54387688943014182996e+01
  2   1 -6.80380428926112017507e+01
  2   2  8.49077587026901255740e+02
  2   3  4.86603198822338072205e+01
  2   4 -4.62442080847131933297e+01
  2   5 -6.98232353594956407505e+01
  2   6  1.45803772679802136736e+02
  2   7 -6.56110019593436248897e+01
  2   8  5.73019706744360064476e+01
  2   9 -6.26366487012011674551e+00
  2  10 -4.78999692944454054100e+01
  2  11 -1.93954687757819641547e+02
  2  12 -5.65199338420921915116e+00
  2  13  6.81950952018348885986e+01
  2  14 -3.22844630727901886758e+01
  2  15 -3.99524775586666933691e+01
  2  16  1.48603413114181762467e+02
  2  17 -1.82229024804427211848e+02
  2  18  2.07761179906992140332e+02
  2  19 -1.07908850371193949513e+02
  2  20  1.43021714459859680346e+02
  2  21  5.71106268410146924452e+01
  2  22  1.21398510446303049548e+02
  2  23  2.51634694922599209121e+01
  2  24  1.24323172040241331615e+02
  2  25 -1.40799407442539088464e+01
  2  26  3.00623313045074240790e+01
  2  27 -3.01228166256506071363e+01
  2  28  1.29905533831528600786e+02
  2  29  3.29599210828226389935e+01
  2  30  5.95958199742709950897e+01
  2  31 -9.90731506445302123609e+00
  2  32  5.87098842399584981422e+01
  2  33  3.20387101738065211975e+01
  2  34  3.36494513105025419009e+01
  2  35 -8.51540982393022289898e+01
  2  36  3.59040587502624788385e+01
  2  37  1.17431280430995670372e+02
  2  38 -1.20780300067557462285e+02
  2  39  1.32409313147168688829e+02
  2  40 -1.18989257985892919578e+02
  2  41  1.13628007548373304303e+01
  2  42 -2.22285451128532344001e+02
  2  43 -2.47608577731578236580e+01
  2  44  8.48619077650403426105e+01
  2  45 -7.86839773072133539245e+01
  2  46 -2.33503329456915125206e+01
  2  47  6.36441107575931610540e+01
  2  48  8.20968999053356895956e+01
  2  49 -8.68120244445644857478e+01
  2  50 -3.46650133602880288208e+01
  2  51  1.70709699468966391578e+01
  2  52  1.03378882455158873199e+02
  2  53 -3.39068214067211926022e+01
  2  54 -1.24241520514382045803e+02
  2  55 -1.85384389622077634385e+01
  2  56 -7.62029952662896192805e-01
  2  57  2.49730778385133618258e+01
  2  58 -1.25973296441727029560e+02
  2  59 -5.74696979129041807255e+00
  2  60 -1.23038083961419630441e+02
  2  61  5.61469698460790667127e+01
  2  62  6.55521510177581490098e+01
  2  63  3.92609718940260279396e+01
  2  64 -4.79950612656605102302e+01
  2  65  7.97880020882530232029e+01
  2  66 -9.25556453977097532970e+01
  2  67 -1.87602596407412178792e+01
  2  68 -1.19892269394254910253e+02
  2  69 -1.28889606914987410846e+02
  2  70  5.69540114871662481733e+01
  2  71  5.24589585492778383014e+01
  2  72 -7.82263732168720480331e+01
  2  73 -3.68426744713584071178e+01
  2  74 -4.18811815183535003371e+01
  2  75  3.14168205009128911342e+01
  2  76 -1.19150286392694539472e+02
  2  77  5.35430891958742662950e+01
  2  78  7.56083688534327507114e+01
  2  79 -9.89651148903260668988e+00
  2  80  5.08363388959903303999e+01
  2  81 -1.80022947163541999771e+02
  2  82 -1.85854414763147843814e+02
  2  83  1.33023361647347485359e+02
  2  84  2.74883514360282106281e+02
  2  85 -5.09732149250541510810e+01
  2  86 -4.61572079541031285999e+01
  2  87  2.90917701786303837252e+01
  2  88  8.07636268039916416228e+00
  2  89  1.19494330850668575295e+01
  2  90 -6.57291763896529630529e+01
  2  91  2.03901670260420289083e+01
  2  92 -1.46244135814512539184e+01
  2  93 -1.59999659219476306760e+01
  2  94  9.79797406143918721000e+01
  2  95 -1.01172663642211773549e+02
  2  96  5.99035394691372644616e+01
  2  97  8.38122496159297867280e+01
  2  98  7.44866107693693351166e+01
  2  99 -1.37881443130433964939e+01
  3   0  2.88998703682019382200e+01
  3   1  4.56621841300300559396e+01
  3   2  4.86603198822338072205e+01
  3   3  8.99331067395599461634e+02
  3   4  2.63563507585557559310e+01
  3   5 -1.78979261320342828867e+02
  3   6 -1.67502967573836620829e+01
  3   7  8.73626843685436256237e+01
  3   8 -8.64943754682741996476e+01
  3   9 -9.71687858660800571897e+01
  3  10  1.36131237190359001943e+02
  3  11  6.81694297125329313758e+01
  3  12  1.19261044072037321939e+02
  3  13 -7.56827015468968795631e+01
  3  14  2.03089211693331350261e+02
  3  15 -1.21365215284600296286e+01
  3  16  7.31047804606974978014e+01
  3  17 -3.31067678421920348342e+01
  3  18  1.43017934053122985461e+02
  3  19 -4.35034880387907207933e+00
  3  20  4.21735842818967370249e+01
  3  21  7.16927740755684617113e+00
  3  22  1.69001484240149721927e+01
  3  23 -9.11114378674902809507e+01
  3  24 -6.12080775183277268070e+01
  3  25 -7.61361015611337990094e+01
  3  26 -2.41337957982830246806e+01
  3  27  3.91351114039524787813e+01
  3  28 -4.33519053924314690107e+01
  3  29  1.15370780870260958295e+02
  3  30  9.83507360804028678558e+01
  3  31 -7.77866204910988869869e+01
  3  32 -1.71841805509504723659e+01
  3  33  5.65506649266002057175e+01
  3  34  1.98841642976115565489e+02
  3  35  1.11677615921550781763e+02
  3  36 -6.16409632150441382237e+01
  3  37  1.86508515524046543987e+02
  3  38  3.54305908300779108799e+01
  3  39  7.73795798866561881368e+01
  3  40  8.31823559267881620372e+01
  3  41  4.66344126584146962955e+01
  3  42 -2.26732314784824993126e+01
  3  43  1.04562042609607715349e+02
  3  44 -2.56737256415285344247e+01
  3  45  8.65163695427791168413e+01
  3  46  3.20906636989740619015e+01
  3  47  1.06665408848870939096e+02
  3  48  1.32960238747756932298e+02
  3  49 -1.20868011642036421449e+02
  3  50 -1.48061613068013031125e+02
  3  51 -1.48302107622955645638e+02
  3  52  1.42797566284659723124e+02
  3  53  6.39708239939488265691e+01
  3  54 -6.66510055997699453201e+01
  3  55  1.52369911785594389642e+01
  3  56  6.74237845670343460824e+01
  3  57 -4.85967843235251493184e+01
  3  58 -4.96688013879788812233e+01
  3  59 -1.10634551423228245426e+02
  3  60 -1.96649864034515360345e+01
  3  61 -6.31689550328934927848e+01
  3  62 -6.08349425896179951678e+00
  3  63 -5.83682400669819898553e+01
  3  64 -2.39863957211601501740e+01
  3  65 -2.78602128411211467096e+01
  3  66  6.11070158882423619673e+00
  3  67 -9.19919792566623186758e+01
  3  68 -7.30804303282858143120e+01
  3  69 -3.61190094181023368947e+01
  3  70 -7.82950091714089069228e+01
  3  71  1.19404473071119866745e+02
  3  72  1.27746641598818229113e+02
  3  73 -1.11941827702837130687e+02
  3  74  2.22697774590123458438e+01
  3  75 -1.78305644453451208165e+02
  3  76  1.21412121196125127653e+02
  3  77 -3.55233430724611736196e+01
  3  78  1.07855650728981871112e+01
  3  79 -6.91534986040053212264e+01
  3  80  5.86104501630074352647e+01
  3  81  4.81072963611505386439e+01
  3  82  1.31028456150663942026e+02
  3  83 -1.58616771976064114824e+02
  3  84 -1.24680292677149935798e+02
  3  85  4.19173047731737824506e+00
  3  86  8.89230638099903103466e-01
  3  87 -1.64636191031859269174e+01
  3  88  1.19047251916659050153e+02
  3  89 -2.31864640102222892892e+02
  3  90 -8.83619823560419064279e+01
  3  91  6.36869914205832543530e+00
  3  92  1.30929829916982640725e+02
  3  93  1.33400731516815653777e+01
  3  94 -4.21589403099304078637e+01
  3  95  7.23189073691193300419e+01
  3  96 -2.09397534410208194799e+01
  3  97  9.28670770439240129690e+01
  3  98 -1.42566869652613092967e+01
  3  99 -8.49420840355721118442e+00
  4   0  1.53501891333155526809e+02
  4   1 -1.47202490766632347885e+01
  4   2 -4.62442080847131933297e+01
  4   3  2.63563507585557559310e+01
  4   4  7.46349108374264801569e+02
  4   5  2.47089755519040821241e+01
  4   6  1.46307040591306503075e+00
  4   7 -5.00802312023484006431e+01
  4   8 -5.77981165340200817582e+01
  4   9  7.93565771890035307479e+01
  4  10 -3.42597242298620443535e+01
  4  11  1.23278726731070786826e+01
  4  12  1.54668644214812843529e+02
  4  13  9.55889821040698350885e+00
  4  14  7.11720670669249813045e+01
  4  15 -1.15787270622525639396e+02
  4  16  1.98271369448556171733e+01
  4  17 -8.52727575447001129305e+01
  4  18 -1.06587793127158306561e+02
  4  19 -1.12865267065770524368e+02
  4  20  8.63969978934201066068e+01
  4  21  8.78299384793247241987e+01
  4  22 -2.98427078429246677160e+01
  4  23 -3.21499494466645217017e+01
  4  24 -9.84504924873672138119e+00
  4  25 -8.44258652640352948993e+01
  4  26  2.02768128497598496551e+01
  4  27 -9.54668385005838473489e+01
  4  28  3.87175319644814308617e+01
  4  29  6.01085996052127313760e+01
  4  30 -4.12708072643731682660e+01
  4  31  6.51518818086465785200e+01
  4  32 -1.43747750192728886987e+02
  4  33  1.10442582121236114290e+02
  4  34  8.16378509692021907540e+01
  4  35 -6.76279421346041544894e+01
  4  36 -6.19174442299091083441e+01
  4  37  2.04464088136813700203e+02
  4  38  5.17686355802034796625e+01
  4  39 -6.43806518392791105043e+01
  4  40  7.91174995276954184931e+00
  4  41  9.27727938996032435170e+01
  4  42  8.61336146717076474033e+01
  4  43 -1.24171278212231300131e+02
  4  44 -8.75243555261147605506e+01
  4  45 -9.58441973346160835945e+00
  4  46  1.76676063896740686232e+02
  4  47  7.24247139564702990810e+01
  4  48 -4.63828928237227842146e+01
  4  49  8.22288838459287632077e+01
  4  50  6.07663793734784007938e+01
  4  51 -1.39810944115938369237e+01
  4  52  2.39900472487032132562e+01
  4  53 -1.48743971089854568390e+02
  4  54 -1.67116197542367046935e+02
  4  55 -1.78845424254871936398e+01
  4  56  1.74402891442327359073e+02
  4  57 -1.58433373486462983237e+02
  4  58  1.50419053119629140269e+01
  4  59 -4.74778826910949476314e+01
  4  60  2.78563794203531003291e+01
  4  61 -1.44141926268230804453e+02
  4  62 -9.03846021268414858696e+01
  4  63  3.45687686533672433598e+01
  4  64  4.15733796699291673349e+01
  4  65  1.44152218389445447855e+01
  4  66  1.44957750356959223836e+02
  4  67 -1.01057197216279519125e+02
  4  68  6.13806432027995541034e+00
  4  69 -3.69133842189658736288e+01
  4  70  9.74358384654047569029e+01
  4  71  5.25115704049896834249e+01
  4  72  8.03143822921391574710e+01
  4  73 -4.49620962295574315704e+01
  4  74 -3.78222938088769282672e+01
  4  75  9.43039410078237665402e+01
  4  76  2.78242626592541490993e+01
  4  77 -6.15114751755459536753e+01
  4  78 -3.10420768973617100528e+01
  4  79 -1.19138741650923023485e+02
  4  80 -1.07769494206775249268e+02
  4  81  3.40976926549546277556e+01
  4  82  1.10873526712692964225e+02
  4  83  1.64359887563942862698e+02
  4  84 -1.21385633224429398069e+02
  4  85  5.21916020145830543697e+01
  4  86 -1.67082170982665090264e+00
  4  87  3.75474429233254909377e+01
  4  88  2.72805166203870541608e+01
  4  89  8.87974010414936145708e+01
  4  90  6.52338168919500560605e+01
  4  91  3.69389909927720054839e+01
  4  92  1.07557445885659518581e+02
  4  93  3.06594518645471616480e+01
  4  94  7.80855414453519784956e+01
  4  95  1.12345499178541217589e+02
  4  96 -1.26771846507816718486e+02
  4  97 -9.53471475384609448156e+01
  4  98  2.14423627754121000066e+01
  4  99 -1.28696643558672974450e+02
  5   0 -6.13007714138329475873e+01
  5   1 -4.36417332093424761297e+01
  5   2 -6.98232353594956407505e+01
  5   3 -1.78979261320342828867e+02
  5   4  2.47089755519040821241e+01
  5   5  7.92270343918905155078e+02
  5   6  2.98513637679011765158e+01
  5   7 -1.69740767641574421987e+02
  5   8  3.52674671041468386079e+01
  5   9  1.04033511398425815742e+02
  5  10  5.17986729831094834253e+01
  5  11  8.61263724241967736361e+01
  5  12 -2.33970544761176029169e+01
  5  13  1.73544375284890861622e-01
  5  14 -1.03008621450772238859e+02
  5  15  2.83115015680844201995e+01
  5  16  8.51909802308019834527e+01
  5  17  4.78388544059999105684e+01
  5  18  1.09457934304004197656e+02
  5  19  8.96047550137427606387e+01
  5  20 -9.10630595309545753935e+01
  5  21  9.48286102098655447890e+00
  5  22 -3.21091295321678948937e+00
  5  23  2.83135970985954372736e+02
  5  24  8.18710789106564504891e+01
  5  25  2.88319317892739128695e+01
  5  26 -2.01441863191293251134e+01
  5  27 -7.13225781407834347192e+01
  5  28 -3.15371224328570107787e+01
  5  29 -6.52253182952204326739e+01
  5  30  7.98418865178139895988e+01
  5  31  1.19743783911957464738e+02
  5  32  6.32865044563701246716e+01
  5  33  7.31213866372726926102e+01
  5  34 -1.02131990074967262672e+02
  5  35 -2.05927010597922588886e+02
  5  36  8.22372243696285067927e+01
  5  37 -1.59763811086763336533e+01
  5  38  1.73312202927749410719e+02
  5  39 -1.02029545459355261983e+01
  5  40 -2.32370548415041362489e+01
  5  41  4.18538526827519561380e+01
  5  42  6.40918175985123355076e+01
  5  43 -6.45303785533096032623e+01
  5  44 -1.91824342559337878811e+02
  5  45  2.55411598655771108213e+01
  5  46 -3.52745914041928898541e+01
  5  47 -3.94005686515803930092e+01
  5  48 -2.24631100649912625045e+01
  5  49  1.41735041056695138195e+02
  5  50 -3.43630828763947491211e+01
  5  51 -1.12242049605234583964e+01
  5  52  4.30924009275500168314e+01
  5  53  1.02805382287984024003e+01
  5  54  6.14705985882448686652e+01
  5  55  4.11006176544908612414e+01
  5  56  5.99386604716849760166e+01
  5  57 -9.03090185377636771591e+01
  5  58  1.09685265184288937235e+02
  5  59  6.02467195624723146352e+01
  5  60 -3.15472087945754608995e+00
  5  61  5.37487370180359533833e+01
  5  62  1.52561648275716578382e+02
  5  63  8.15789203824192554748e+01
  5  64 -3.87745831530950013644e+00
  5  65 -2.25407780291809771711e+01
  5  66  9.45738815908789121067e+00
  5  67  2.29179841574308227337e+01
  5  68 -7.05900710387865615303e+01
  5  69  1.60695259033199278065e+01
  5  70  6.00441889656240448403e+01
  5  71 -9.68026531886782208858e+01
  5  72 -3.47765417478368590309e+01
  5  73  1.10706985630612901872e+01
  5  74  7.58527369779443176867e+01
  5  75  7.69697429782998767678e+01
  5  76  6.74122434386646887106e+01
  5  77 -3.47917240420099886933e+01
  5  78  4.06486339261100297904e+01
  5  79  8.46054314004031304819e+00
  5  80 -1.47560010153639694863e+02
  5  81 -1.92782912048753587442e+02
  5  82 -4.34951042730241965728e+01
  5  83  1.56939677194323394360e+02
  5  84 -3.96873631695467992131e+01
  5  85 -2.82591794611012119276e+01
  5  86 -3.89411549503105121062e+01
  5  87  4.37705499611105324220e+01
  5  88  3.46376681732496827237e+00
  5  89  6.61774412625406114330e+01
  5  90  2.56751904533546593257e+01
  5  91 -1.96840389814186131900e+01
  5  92 -2.02241553121901702639e+01
  5  93 -2.09047726290232333213e+02
  5  94 -8.99801127230762887166e+01
  5  95 -1.38410335247256739422e+02
  5  96 -1.13255930620828095812e+02
  5  97 -6.64074069979330232627e+01
  5  98 -7.29217899180783888369e+01
  5  99  4.28390238266410818824e+01
  6   0 -1.17586577679675343688e+01
  6   1 -4.02341021357958972260e+00
  6   2  1.45803772679802136736e+02
  6   3 -1.67502967573836620829e+01
  6   4  1.46307040591306503075e+00
  6   5  2.98513637679011765158e+01
  6   6  8.79672369883713145100e+02
  6   7  8.53592814281900018614e+01
  6   8 -1.52400112622006446372e+02
  6   9  9.16105331934920883441e+01
  6  10  1.30950314710040434107e+01
  6  11 -1.14530569207378363217e+02
  6  12 -1.97769110862616344093e+02
  6  13  2.20166787013603872936e+01
  6  14  7.09586088187665353644e+01
  6  15 -2.41742759824273427682e+01
  6  16  1.20721245011329131103e+02
  6  17 -8.06794905662824568537e+00
  6  18  3.04748422200473498833e+01
  6  19 -4.17288949513255786883e+01
  6  20  2.66678285011193842990e+01
  6  21 -2.12118980492322179998e+02
  6  22  1.71936017995423753746e+02
  6  23 -4.24936352251134223934e+01
  6  24  6.69668094687634507522e+00
  6  25  4.89785515439006928773e+01
  6  26 -9.29145701220100050932e+01
  6  27  1.27627421867387695897e+02
  6  28 -7.25280968769981910782e+01
  6  29 -1.67314427671436760647e+02
  6  30 -9.08158250264735329438e+01
  6  31 -2.58988158801886925175e+00
  6  32 -3.34264319667554303805e+01
  6  33  8.95496179468803887858e+01
  6  34 -4.04474435558529066270e+01
  6  35 -6.24429830255729996225e+01
  6  36 -8.37957987830640860238e+00
  6  37  8.79273738309923658107e+01
  6  38 -8.86929871552454756056e+01
  6  39 -5.11550516869512890139e+01
  6  40 -5.08715665102220242488e+01
  6  41 -1.15130938021635699897e+02
  6  42  2.38070219019148510142e+01
  6  43  7.91264017600971101274e+01
  6  44  1.39188979936267514859e+02
  6  45 -5.69513306918903978726e+01
  6  46 -1.62456970586278089286e+02
  6  47 -4.15292685918963115910e+01
  6  48  1.73783216039285548504e+01
  6  49  4.26256115213800086394e+01
  6  50 -1.84798678314110901511e+02
  6  51  3.64690110860286296202e+01
  6  52 -1.08098346366585502665e+02
  6  53 -1.44355112430066071738e+02
  6  54 -8.26390557269424448350e+01
  6  55 -1.11159058923071327740e+02
  6  56 -7.94696656061953774497e+01
  6  57 -2.20421038320043209069e+02
  6  58 -1.31021170168737029371e+02
  6  59  1.32223209254802824830e+01
  6  60 -9.61646724829082586439e+01
  6  61 -2.57391186220240086868e+01
  6  62  4.33360034995427838567e+01
  6  63 -1.81036258496887256797e+01
  6  64  1.19188384179338868307e+02
  6  65 -2.96799201688027487478e+01
  6  66 -2.26112410055803181308e+01
  6  67  9.06908030150227375543e+01
  6  68 -3.93836916227845250660e+01
  6  69 -1.70294962188038567774e+01
  6  70 -1.51950326030668122712e+02
  6  71 -5.08898440381134520294e+01
  6  72  5.00405476709823062720e+01
  6  73  9.72767996179428848791e+01
  6  74 -2.59471112548280942178e+01
  6  75 -5.44226769953748004127e+01
  6  76 -4.40610318425419222876e+01
  6  77 -5.43133924155240848108e+01
  6  78 -1.06078921618830946727e+02
  6  79 -3.73105738637625705678e+01
  6  80  7.10961600041850232401e+01
  6  81 -1.14920059171856678404e+02
  6  82 -1.02389636127584310543e+02
  6  83 -1.08154518741398064208e+02
  6  84  4.98594353199115403186e+00
  6  85  6.65374886232452098511e+01
  6  86 -1.00342131714564587242e+02
  6  87 -1.04925309349611282528e+02
  6  88  7.08740703456472260768e+01
  6  89  3.87866431020811575081e+00
  6  90  1.93227688940705917275e+02
  6  91 -9.61643738944406720748e+01
  6  92  6.39022951312377358590e+01
  6  93 -7.44830789301991558204e+00
  6  94  1.53212196790129581814e+02
  6  95 -1.16744784590940696489e+02
  6  96 -1.77726118004567368303e+01
  6  97  9.19298953984673232753e+01
  6  98 -5.42255184900074311827e+01
  6  99  4.05560678946819308521e+01
  7   0 -6.05082085528859394685e+01
  7   1  1.87370068798538440547e+01
  7   2 -6.56110019593436248897e+01
  7   3  8.73626843685436256237e+01
  7   4 -5.00802312023484006431e+01
  7   5 -1.69740767641574421987e+02
  7   6  8.53592814281900018614e+01
  7   7  8.28917355947875194033e+02
  7   8  4.42755634360698593355e+01
  7   9  5.14837659670243326104e+01
  7  10  1.59936314352609514344e+02
  7  11  4.28671165986092006506e+00
  7  12  2.16328672093828409118e+01
  7  13  1.44340797114038519311e+01
  7  14  1.27840891149157940276e+02
  7  15 -1.09394317202964508340e+01
  7  16  1.15712657367105393291e+02
  7  17  1.16235923304730889072e+02
  7  18 -1.04334976672564749833e+02
  7  19 -1.27195281628078589620e+02
  7  20 -1.02477516784733264643e+01
  7  21 -1.43773604163524097999e+01
  7  22  1.57698510253706388085e+02
  7  23 -1.58707964291109817623e+02
  7  24  9.12933072794441002884e+00
  7  25 -2.38884730927311963455e+01
  7  26 -3.84544068514940775572e+01
  7  27  1.34639796476912010803e+02
  7  28 -1.98433335691016807800e+01
  7  29 -2.12499640858298931789e+02
  7  30  1.22525410790682400375e+02
  7  31 -4.25019128886852612936e+01
  7  32 -8.66657806256237392972e+01
  7  33 -2.79355481191737240465e+01
  7  34  2.93070804561870730254e+01
  7  35  7.01050967476792052935e+00
  7  36 -3.97821418613831241373e+01
  7  37 -3.17135952660926179192e+00
  7  38 -7.14163386447085315467e+01
  7  39  1.28468094467947594239e+02
  7  40  1.04739432558112461891e+01
  7  41 -7.65795225739065585913e+01
  7  42  9.42127434619475536692e+01
  7  43  2.49812164628437543001e+01
  7  44  2.24755907403257367605e+02
  7  45  1.98713350045188434478e+02
  7  46  1.06702520571909317937e+02
  7  47  3.83158438226054869347e+01
  7  48  4.75661312076354931833e+01
  7  49 -4.56378236196512361289e+01
  7  50 -8.22055272588540333345e+01
  7  51 -8.99407039828839316442e+01
  7  52  8.82227130823197214227e+00
  7  53  1.05032513666613240844e+01
  7  54 -6.39704900227476542796e+01
  7  55  3.05105603794951534269e+01
  7  56  1.82608372910381930865e+01
  7  57  4.73475605374242292100e+01
  7  58 -8.87423312295704818098e+01
  7  59 -8.04969132188861351551e+01
  7  60  7.48305474932852021652e+00
  7  61  3.42201153616046696015e+01
  7  62 -1.85111089866403020210e+01
  7  63  3.04099230838298275614e+01
  7  64  1.42379510912351463503e+02
  7  65  3.55667973371329892984e+01
  7  66  2.01980138198071074385e+02
  7  67 -2.64125068172287633672e+01
  7  68  1.63918925325456399378e+02
  7  69  1.58191913900562298068e+02
  7  70 -7.25546230000166616492e+01
  7  71  1.29687838352333351111e+01
  7  72 -1.19811102773188622450e+02
  7  73  2.24284180636171406320e+01
  7  74  8.70192268144885474612e+01
  7  75  8.97884136191736992316e+00
  7  76  7.50300033384004905201e+01
  7  77 -1.05757713303316123188e+01
  7  78 -3.66076146738051164675e+01
  7  79 -5.72231975120286193714e+01
  7  80 -1.25748474942564794077e+01
  7  81 -3.19225579169645072852e+01
  7  82  1.07846478280383536230e+02
  7  83  2.91824016876557230660e+01
  7  84  9.58024393174444810484e+01
  7  85  7.28272227601091373117e+01
  7  86 -3.17800307459705173585e+01
  7  87 -3.89659160254141525570e+01
  7  88  1.85687609715491213080e+01
  7  89  2.71034999096276933983e+01
  7  90 -3.54295623865248998641e+01
  7  91  3.06997993720206494572e+01
  7  92 -2.41001451272457352104e+01
  7  93 -5.48014800885151345256e+01
  7  94  4.47573842507747627906e+01
  7  95 -6.60874703071345948047e+01
  7  96  1.36087721441068314476e+01
  7  97  1.20436669428523686065e+02
  7  98 -6.45368400581043601960e+01
  7  99 -1.20653483830736718119e+02
  8   0 -1.80564777430414608261e+02
  8   1  1.02679077527908333423e+01
  8   2  5.73019706744360064476e+01
  8   3 -8.64943754682741996476e+01
  8   4 -5.77981165340200817582e+01
  8   5  3.52674671041468386079e+01
  8   6 -1.52400112622006446372e+02
  8   7  4.42755634360698593355e+01
  8   8  9.42538044170406919875e+02
  8   9 -6.05607191740351993303e+01
  8  10  8.42498921291274314171e+01
  8  11 -1.78675933244204543371e+01
  8  12  1.23110547114810771063e+02
  8  13 -5.41331449509104771778e+01
  8  14 -5.76792963284693342985e+01
  8  15  9.28394251681406359467e+01
  8  16  1.34586873215342620824e+02
  8  17 -5.45802816055216197810e+01
  8  18  2.72232559477457272124e+01
  8  19 -5.13647216949946070486e+01
  8  20  1.50248541120271354998e+01
  8  21 -9.05935694217047142729e+01
  8  22 -2.46254368825949967459e+01
  8  23  1.26614630088410606845e+02
  8  24  3.58629955375106916904e+01
  8  25  4.98427462263634311057e+01
  8  26  9.39256033444701472490e+01
  8  27  4.01241178802827391792e+01
  8  28  1.37795916120444275066e+01
  8  29  4.05666114998860081187e+01
  8  30 -4.69237392802240549372e+01
  8  31 -7.98651343714920791683e+00
  8  32  4.33458301355629771479e+01
  8  33 -7.29399615456078151965e+01
  8  34 -1.70139000082063091668e+02
  8  35  7.25315808401773125524e+01
  8  36 -4.06943300042422606566e+00
  8  37 -4.96431507315582791762e+01
  8  38 -4.64502601764396985118e+01
  8  39 -3.10015184004334791723e+01
  8  40 -7.94059990948162095492e+01
  8  41 -7.94559738680847260639e+00
  8  42 -1.32265307239704469566e+02
  8  43 -6.38239209626639549811e+01
  8  44  1.57834584313295266611e+02
  8  45  1.37731906384874953631e+01
  8  46  4.70372726893929282710e+00
  8  47  1.22523959143033380315e+02
  8  48 -1.66254150350484195542e+01
  8  49  1.50399653113051385844e+02
  8  50  8.15100579264397993029e+01
  8  51 -8.44038043251520662125e+01
  8  52 -3.65858240876121101337e+01
  8  53  9.57818688181049822106e+01
  8  54 -1.18989640345543072897e+01
  8  55  1.12289029521843218618e+02
  8  56  3.56503064809071190666e+01
  8  57  1.68239962900116523770e+02
  8  58 -1.19557096589456918423e+02
  8  59 -9.98024161791645099129e+01
  8  60 -2.00285623112157971093e+01
  8  61  1.05075829865229941618e+01
  8  62  3.06801166975164107953e+01
  8  63  5.43403915601929980994e+01
  8  64 -3.60532811717267307472e+01
  8  65  4.39176729917733652542e+01
  8  66  1.22234603530451849451e+02
  8  67  5.12095081162385312723e+00
  8  68  3.22609576881356900913e+01
  8  69 -1.19849313174116332448e+02
  8  70  5.99537910030462981581e+01
  8  71  2.86256723796259890946e+01
  8  72  3.21005635022801243394e+01
  8  73  1.34892168392284673928e+02
  8  74  9.96289819164580734423e+01
  8  75  4.74942792980397641145e+01
  8  76  6.98130953097230531057e+01
  8  77  5.18314274585790286665e+01
  8  78 -1.78140389493237414342e+01
  8  79  1.42389780827064384994e+02
  8  80  2.13282969130421804493e+01
  8  81 -4.06743290945215107968e-02
  8  82 -1.59549113901271425675e+02
  8  83  4.75234923080034832310e+00
  8  84  1.74744714660829515651e+02
  8  85 -6.06328408819757811443e+01
  8  86 -1.53347348373381919373e+02
  8  87  6.73121333741231069325e+01
  8  88 -1.03399749869903331501e+02
  8  89  8.92022201655754258809e+01
  8  90  4.60483431771209410499e+01
  8  91 -7.19588503058697881443e+01
  8  92 -2.57205151260349325071e+01
  8  93 -4.92841336793216555634e+01
  8  94  4.22822657138392088427e+01
  8  95 -1.14291048290852870650e+02
  8  96  6.58067406302424160458e+01
  8  97 -1.41317992021992694163e+02
  8  98  1.23968120059766448549e+02
  8  99 -3.35228635495146676249e+01
  9   0 -9.52252490896051142499e+01
  9   1 -1.15463831959971358287e+02
  9   2 -6.26366487012011674551e+00
  9   3 -9.71687858660800571897e+01
  9   4  7.93565771890035307479e+01
  9   5  1.04033511398425815742e+02
  9   6  9.16105331934920883441e+01
  9   7  5.14837659670243326104e+01
  9   8 -6.05607191740351993303e+01
  9   9  7.06844379710814564532e+02
  9  10  2.64990268206330057410e+01
  9  11  1.11977790876065085968e+02
  9  12 -1.30005353970042989431e+02
  9  13  8.00662708031823910915e+01
  9  14 -8.12935489575760072967e+01
  9  15 -1.38047962587435563364e+02
  9  16  8.94136826738090064737e+01
  9  17  1.90532842269693993842e+01
  9  18  7.89564589883855205699e+01
  9  19 -5.99140749618395886955e+01
  9  20 -2.14209433585987056858e+01
  9  21  5.33705996136211737735e+01
  9  22  3.19392217647468612540e+01
  9  23  1.22478512368992191739e+01
  9  24 -1.09734379973508708872e+02
  9  25 -1.08443937361625074800e+02
  9  26 -4.50029253537634730264e+01
  9  27  8.53691054830563089695e+00
  9  28 -3.51538846930383925837e+01
  9  29  1.90429594102826271751e+01
  9  30 -2.38524267592563461449e+01
  9  31  2.53985659464054371881e+01
  9  32 -7.38417695741892003980e+01
  9  33  6.09500800987726307767e+01
  9  34  5.03348139422895428652e+01
  9  35 -1.05072274868429964556e+01
  9  36  2.07255012776690477949e+02
  9  37 -5.14190107464274959170e+01
  9  38  1.23305377406383172456e+02
  9  39 -8.14873097666616814649e+01
  9  40 -8.62428229084303836771e+01
  9  41  8.55198846375418213483e+01
  9  42  1.52455513915228095811e+01
  9  43  4.10822250507846007395e+01
  9  44 -1.08938496385645642306e+01
  9  45 -5.98290363456786451479e+01
  9  46 -1.34942170582218103903e+01
  9  47  1.10065690082054210563e+01
  9  48 -1.59056888769083343504e+02
  9  49  5.80589183614705603986e+01
  9  50  1.86398833228271257667e+02
  9  51  2.64892283349017816363e+01
  9  52 -6.38607021602889890488e+00
  9  53 -1.54390140855367661743e+02
  9  54  2.12115042251192669198e+01
  9  55  2.13209299461339270465e+02
  9  56 -6.72204968370849265114e+00
  9  57 -6.27075064350550732684e+01
  9  58  1.41682806528754134945e+01
  9  59 -1.41528823414344202547e+01
  9  60 -1.46838753514270266010e+01
  9  61  5.46500589271219467946e+01
  9  62 -7.57842664024600907169e+01
  9  63 -3.98815866386799271481e+01
  9  64  8.81731740566585528995e+01
  9  65  2.39115582244956812019e+02
  9  66  1.15235216051650382951e+02
  9  67  1.93712497938819652177e+01
  9  68  4.97605239164758259562e+01
  9  69  2.00448951796819905269e+01
  9  70 -8.35925422191000677685e+00
  9  71 -1.40779793008714051439e+02
  9  72 -3.50635941024799748789e+01
  9  73  1.96135418450215581743e+01
  9  74 -1.02119628367904752508e+02
  9  75  2.63090830252943881362e+01
  9  76  6.21982165717377597502e+01
  9  77 -1.55366493161609128038e+02
  9  78  7.16461774363376804331e+01
  9  79 -9.38895880598716132681e+01
  9  80 -7.76136281313164033691e+00
  9  81  7.76786481944212781059e+00
  9  82  1.01764713004703907018e+02
  9  83  7.91770602872768236580e+00
  9  84 -3.47373036387066136399e+00
  9  85 -1.16456954811213108769e+02
  9  86  5.30732423056771196457e+01
  9  87 -5.63327420670378984369e+01
  9  88  4.12314224989639832586e+00
  9  89 -2.63145970114019966957e+01
  9  90  5.88832177636431737255e+01
  9  91  3.28310993281069016803e+01
  9  92  9.09916665787501521834e+00
  9  93 -1.08200696220917038204e+02
  9  94 -1.18355513438196851439e+02
  9  95 -7.16874385393300457281e+01
  9  96  6.24070478291360046796e+01
  9  97  1.35681057770869237800e+01
  9  98  5.86031908983427172188e+01
  9  99 -1.25770720940565865931e+02
 10   0 -3.18374432249704888420e+01
 10   1 -5.01659216041550308773e+01
 10   2 -4.78999692944454054100e+01
 10   3  1.36131237190359001943e+02
 10   4 -3.42597242298620443535e+01
 10   5  5.17986729831094834253e+01
 10   6  1.30950314710040434107e+01
 10   7  1.59936314352609514344e+02
 10   8  8.42498921291274314171e+01
 10   9  2.64990268206330057410e+01
 10  10  8.40265251324411792666e+02
 10  11 -5.58723259698883509827e+01
 10  12 -3.32011308967142184656e+01
 10  13  3.04112951310634613833e+01
 10  14  1.32447147618899492727e+02
 10  15 -8.11053436368198390483e+01
 10  16  4.98060125722051623143e+01
 10  17  3.35206694173483583654e+01
 10  18  4.35809019076960524330e+00
 10  19 -1.86593728832340772783e+01
 10  20 -8.39506630412872425495e+01
 10  21 -3.18578572743808159373e+01
 10  22 -1.55026477993783998954e+02
 10  23 -5.58050856229954419518e+01
 10  24 -4.78968227007483804414e+01
 10  25  1.37849112425644875657e+02
 10  26 -1.10492000718033782647e+01
 10  27  7.40776345598875707310e+00
 10  28 -1.62399162886200258527e+02
 10  29 -5.32177692845296945734e+01
 10  30 -9.75925322646288151418e+01
 10  31  9.77785319050990864298e+00
 10  32  4.10264616015475880317e+01
 10  33 -2.66568029419124421509e+01
 10  34  7.89996199468160682500e+01
 10  35  6.68158462882572479202e+00
 10  36 -3.87201564373292583809e+01
 10  37 -8.38812285297947255458e+01
 10  38 -6.20490222924976606578e+01
 10  39  1.17176133344620339471e+02
 10  40 -3.56729082092300089357e+01
 10  41  3.06530996821009367181e+01
 10  42 -9.34645741923243633664e+00
 10  43  1.66230268016905924355e+00
 10  44 -1.20820019179053890213e+01
 10  45  2.48189400137756791764e+02
 10  46  1.16487176641270497868e+01
 10  47 -1.07870954384639603063e+02
 10  48  1.26450684839416567229e+02
 10  49  1.41769393352857520085e+00
 10  50  8.08785604429597810849e+01
 10  51 -1.47507931910878617998e+01
 10  52  2.69746414218243216965e+02
 10  53  2.60038824179808898407e+01
 10  54 -6.92281410154944580881e+01
 10  55  8.65780723704416317332e+01
 10  56  1.14081481908547090143e+02
 10  57  2.50993808626450949362e+01
 10  58 -1.28797512742085359605e+02
 10  59  7.87567721669817331076e+01
 10  60 -8.56039333970074238778e+01
 10  61 -4.09756564660779218912e+01
 10  62 -4.78089160005706617085e+01
 10  63 -1.29612670711463664475e+01
 10  64 -3.42062440967927656743e+01
 10  65 -7.74369176045340523729e+00
 10  66  6.85592185259413753329e+01
 10  67  1.06298389834141602250e+02
 10  68 -2.62751882082186583034e+01
 10  69  5.18957616600499562765e+01
 10  70 -9.78547410673671720360e+01
 10  71  7.55110135100389072704e+01
 10  72  5.03948862736927338801e+01
 10  73  3.88923811424105139167e+01
 10  74  8.96651225703310643667e+01
 10  75  3.62723607934233882588e+00
 10  76 -5.56188836991929491660e+00
 10  77 -4.01524247355169876528e+01
 10  78 -3.77723869345185647717e+01
 10  79  1.12452813804207316650e+01
 10  80  7.87490922448248475973e+00
 10  81 -4.64217570262610976783e+01
 10  82  4.87295415676164012098e+01
 10  83 -9.42057504470534894381e+01
 10  84 -7.32390716363038762893e+01
 10  85  9.14414717508211651875e+01
 10  86  4.16921208477184350727e+01
 10  87  2.27458297427134823465e+01
 10  88 -4.23773167950811924243e+01
 10  89  7.86362111086687747274e+01
 10  90 -5.18954669381763480374e+01
 10  91 -5.96765311834696845494e+01
 10  92  4.66182816067267609128e+01
 10  93  5.54950974635157479042e+00
 10  94 -1.29901270631033209924e+01
 10  95 -1.22292759299091500225e+02
 10  96 -2.83281080506818000231e+02
 10  97  9.98130743493874206251e+00
 10  98  5.33956104411569469903e+01
 10  99  2.71415926214010809758e+01
 11   0 -9.51762835567825788985e+01
 11   1 -8.36246813820675498619e+01
 11   2 -1.93954687757819641547e+02
 11   3  6.81694297125329313758e+01
 11   4  1.23278726731070786826e+01
 11   5  8.61263724241967736361e+01
 11   6 -1.14530569207378363217e+02
 11   7  4.28671165986092006506e+00
 11   8 -1.78675933244204543371e+01
 11   9  1.11977790876065085968e+02
 11  10 -5.58723259698883509827e+01
